#
#
#
# DIMENSION:  8
# Bourse	République	St-Lazare	Neuilly		Louvre		Châtelet	Opéra		Etoile
9999999		9		14		37		13		8		6		17
9		9999999		32		46		15		7		15		26
14		32		9999999		40		26		22		12		15
37		46		40		9999999		35		45		31		20
13		15		26		35		9999999		10		14		17
8		7		22		45		10		9999999		14		25
6		15		12		31		14		14		9999999		11
17		26		15		20		17		25		11		9999999